[[[255 255 255]		[[ 54  54  54]		[[ 64  64  64]		[[255 255 255]
  [ 92  92  92]		[ 65  40   6]		[ 32   4   1]		[ 16  16  16]
  [ 70  70  70]		[200 169 103]		[ 68  14  21]		[ 41  41  41]
  [ 62  62  62]		[235 188  96]		[231 143 193]		[107 107 107]
  [ 54  54  54]		[210  99 159]		[249 183 225]		[101 101 101]
  [ 46  46  46]		[215 116 147]		[228 148 169]		[ 88  88  88]
  [141 141 141]		[ 73  16  23]		[130  92  98]		[ 80  80  80]
  [255 255 255]]	[ 10  10  10]]		[ 22  22  22]]		[255 255 255]]]

index [2:4,2:4]

[[[ 68  14  21]		[[ 41  41  41]
  [231 143 193]]	[107 107 107]]]

 
[[[255 255 255]   [ 23  23  23]	[ 10  10  10]	[255 255 255]	[255 255 255]   [ 23  23  23]	[ 10  10  10]	[255 255 255]]

[[ 82  82  82]	[144 121  86]	[ 69  13  45]	[141 141 141]	[ 82  82  82]	[144 121  86]	[ 69  13  45]	[141 141 141]]

[[ 41  41  41]	[216 184 101]	[214 111 169]	[ 45  45  45]	[ 41  41  41]	[216 184 101]	[214 111 169]	[ 45  45  45]]

[[101 101 101]	[227 183 108]	[221 145 161]	[ 54  54  54]	[101 101 101]	[227 183 108]	[221 145 161]	[ 54  54  54]]

[[107 107 107]	[210 130 125]	[238 161 179]	[ 62  62  62]	[107 107 107]	[210 130 125]	[238 161 179]	[ 62  62  62]]

[[  8   8   8]	[ 86  31  62]	[226 140 189]	[ 70  70  70]	[  8   8   8]	[ 86  31  62]	[226 140 189]	[ 70  70  70]]

[[ 18  18  18]	[ 34   8  22]	[127  95 115]	[ 92  92  92]	[ 18  18  18]	[ 34   8  22]	[127  95 115]	[ 92  92  92]]

[[255 255 255]	[ 64  64  64]	[ 54  54  54]	[255 255 255]	[255 255 255]	[ 64  64  64]	[ 54  54  54]	[255 255 255]]]


 
('original', array([ 23, 124, 184, 188, 153,  51,  17,  64], dtype=uint8))  
('valid', array([ 161,   64,  -31, -137, -136,   13]))
('same', array([ 124,  161,   64,  -31, -137, -136,   13,  -17]))
('full', array([  23,  124,  161,   64,  -31, -137, -136,   13,  -17,  -64]))

 
  
  
  
  
  

 
  
  
  
  
  
  
  

 
  
  
  
  
  
  
  

